pingstats
158.991
152.726
152.736
152.512
152.901
153.099
152.694
152.626
152.376
153.21
152.819
152.6
153.081
152.717
153.098
155.462
151.807
152.658
152.926
221.948
192.772
192.546
193.01
193.38
195.831
190.868
192.658
193.639
193.313
193.296
193.556
193.887
194.757
152.174
233.826
193.219
193.643
193.885
157.753
230.937
192.804
194.172
193.356
152.635
152.685
153.414
153.09
153.011
153.616
152.595
154.97
152.896
152.919
152.851
152.908
153.025
153.892
154.733
153.5
229.26
193.594
193.069
193.777
193.894
193.333
193.442
193.379
193.405
184.376
193.471
192.13
193.255
193.34
193.882
194.07
192.76
192.577
195.638
194.24
196.642
190.866
191.965
194.653
194.262
194.979
193.466
196.556
193.808
194.988
195.174
194.52
194.375
192.58
195.077
152.99
152.726
275.989
193.071
195.185
154.596
